4054407.359
4054407.324
4054407.276
4054407.237
4054407.192
4054407.151
4054407.111
4054407.067
4054407.024
4054406.979
4054406.93
4054406.885
4054406.841
4054406.798
4054406.745
4054406.699
4054406.652
4054406.609
4054406.563
4054406.514
4054406.468
4054406.425
4054406.369
4054406.323
4054406.263
4054406.209
4054406.157
4054406.097
4054406.034
4054405.975
4054405.911
4054405.849
4054405.788
4054405.726
4054405.663
4054405.601
4054405.529
4054405.47
4054405.407
4054405.348
4054405.291
4054405.225
4054405.169
4054405.102
4054405.041
4054404.99
4054404.934
4054404.878
4054404.83
4054404.774
4054404.721
4054404.675
4054404.616
4054404.56
4054404.509
4054404.465
4054404.411
4054404.355
4054404.302
4054404.252
4054404.201
4054404.147
4054404.094
4054404.04
4054403.989
4054403.943
4054403.886
4054403.838
4054403.815
4054403.77
4054403.724
4054403.677
4054403.629
4054403.587
4054403.546
4054403.499
4054403.458
4054403.408
4054403.371
4054403.329
4054403.281
4054403.241
4054403.196
4054403.153
4054403.111
4054403.07
4054403.03
4054402.993
4054402.957
4054402.928
4054402.89
4054402.856
4054402.823
4054402.787
4054402.746
4054402.717
4054402.681
4054402.649
4054402.617
4054402.583
4054402.551
4054402.515
4054402.482
4054402.45
4054402.42
4054402.387
4054402.351
4054402.318
4054402.288
4054402.251
4054402.212
4054402.168
4054402.129
4054402.081
4054402.036
4054401.995
4054401.943
4054401.892
4054401.833
4054401.781
4054401.73
4054401.663
4054401.599
4054401.534
4054401.467
4054401.409
4054401.346
4054401.276
4054401.211
4054401.144
4054401.075
4054401.003
4054400.935
4054400.873
4054400.802
4054400.73
4054400.663
4054400.589
4054400.521
4054400.457
4054400.387
4054400.315
4054400.243
4054400.178
4054400.108
4054400.042
4054399.973
4054399.903
4054399.837
4054399.765
4054399.702
4054399.634
4054399.574
4054399.513
4054399.442
4054399.378
4054399.315
4054399.256
4054399.195
4054399.129
4054399.065
4054399.004
4054398.939
4054398.883
4054398.817
4054398.759
4054398.706
4054398.646
4054398.581
4054398.521
4054398.465
4054398.408
4054398.348
4054398.29
4054398.226
4054398.174
4054398.118
4054398.066
4054398.027
4054397.996
4054397.983
4054397.916
4054397.873
4054397.827
4054397.773
4054397.722
4054397.678
4054397.638
4054397.57
4054397.512
4054397.467
4054397.418
4054397.366
4054397.324
4054397.276
4054397.225
4054397.181
4054397.129
4054397.08
4054397.038
4054396.999
4054396.948
4054396.903
4054396.857
4054396.815
4054396.773
4054396.723
4054396.675
4054396.642
4054396.591
4054396.551
4054396.505
4054396.464
4054396.42
4054396.382
4054396.341
4054396.3
4054396.26
4054396.216
4054396.178
4054396.134
4054396.096
4054396.053
4054396.007
4054395.96
4054395.906
4054395.854
4054395.803
4054395.759
4054395.699
4054395.649
4054395.592
4054395.532
4054395.478
4054395.418
4054395.351
4054395.287
4054395.231
4054395.175
4054395.118
4054395.049
4054394.992
4054394.93
4054394.869
4054394.819
4054394.749
4054394.687
4054394.621
4054394.544
4054394.478
4054394.407
4054394.341
4054394.262
4054394.189
4054394.115
4054394.03
4054393.957
4054393.889
4054393.81
4054393.717
4054393.635
4054393.55
4054393.459
4054393.378
4054393.286
4054393.203
4054393.119
4054393.039
4054392.981
4054392.898
4054392.818
4054392.739
4054392.655
4054392.563
4054392.488
4054392.416
4054392.341
4054392.26
4054392.175
4054392.099
4054392.018
4054391.939
4054391.861
4054391.781
4054391.706
4054391.624
4054391.554
4054391.481
4054391.392
4054391.315
4054391.244
4054391.165
4054391.086
4054391.018
4054390.941
4054390.869
4054390.794
4054390.719
4054390.647
4054390.573
4054390.503
4054390.424
4054390.357
4054390.284
4054390.219
4054390.138
4054390.073
4054390.005
4054389.94
4054389.873
4054389.815
4054389.744
4054389.669
4054389.589
4054389.517
4054389.463
4054389.396
4054389.328
4054389.263
4054389.198
4054389.129
4054389.071
4054389.001
4054388.938
4054388.872
4054388.809
4054388.736
4054388.677
4054388.613
4054388.55
4054388.494
4054388.43
4054388.371
4054388.308
4054388.249
4054388.193
4054388.134
4054388.071
4054388.012
4054387.944
4054387.883
4054387.84
4054387.778
4054387.719
4054387.656
4054387.609
4054387.558
4054387.499
4054387.442
4054387.393
4054387.339
4054387.285
4054387.233
4054387.176
4054387.125
4054387.07
4054387.02
4054386.971
4054386.917
4054386.868
4054386.814
4054386.761
4054386.718
4054386.674
4054386.623
4054386.574
4054386.52
4054386.477
4054386.374
4054386.326
4054386.287
4054386.234
4054386.193
4054386.154
4054386.11
4054386.054
4054386.019
4054385.977
4054385.928
4054385.894
4054385.846
4054385.809
4054385.768
4054385.73
4054385.691
4054385.644
4054385.607
4054385.569
4054385.532
4054385.578
4054385.534
4054385.496
4054385.455
4054385.421
4054385.385
4054385.344
4054385.314
4054385.276
4054385.238
4054385.207
4054385.175
4054385.134
4054385.099
4054385.069
4054385.04
4054385.008
4054384.971
4054384.94
4054384.957
4054384.927
4054384.896
4054384.869
4054384.839
4054384.801
4054384.772
4054384.744
4054384.716
4054384.685
4054384.658
4054384.629
4054384.601
4054384.573
4054384.541
4054384.513
4054384.487
4054384.46
4054384.433
4054384.403
4054384.334
4054384.31
4054384.289
4054384.262
4054384.237
4054384.214
4054384.189
4054384.163
4054384.134
4054384.101
4054384.072
4054384.039
4054384.004
4054383.959
4054383.924
4054383.888
4054383.837
4054383.788
4054383.74
4054383.693
4054383.626
4054383.565
4054383.508
4054383.444
4054383.382
4054383.324
4054383.267
4054383.195
4054383.117
4054383.049
4054382.984
4054382.911
4054382.841
4054382.759
4054382.686
4054382.609
4054382.529
4054382.453
4054382.377
4054382.302
4054382.222
4054382.144
4054382.066
4054382.011
4054381.936
4054381.868
4054381.788
4054381.722
4054381.641
4054381.578
4054381.509
4054381.44
4054381.373
4054381.295
4054381.224
4054381.168
4054381.104
4054381.039
4054380.968
4054380.905
4054380.842
4054380.779
4054380.712
4054380.652
4054380.595
4054380.526
4054380.468
4054380.414
4054380.356
4054380.296
4054380.238
4054380.181
4054380.128
4054380.069
4054380.017
4054379.962
4054379.912
4054379.861
4054379.811
4054379.755
4054379.695
4054379.655
4054379.608
4054379.557
4054379.512
4054379.462
4054379.42
4054379.381
4054379.342
4054379.299
4054379.251
4054379.214
4054379.172
4054379.128
4054379.086
4054379.043
4054379.009
4054378.97
4054378.924
4054378.892
4054378.857
4054378.817
4054378.782
4054378.745
4054378.708
4054378.677
4054378.642
4054378.605
4054378.574
4054378.539
4054378.507
4054378.474
4054378.443
4054378.417
4054378.389
4054378.352
4054378.323
4054378.301
4054378.273
4054378.25
4054378.222
4054378.196
4054378.172
4054378.143
4054378.118
4054378.091
4054378.074
4054378.049
4054378.02
4054377.996
4054377.977
4054377.955
4054377.937
4054377.908
4054377.877
4054377.85
4054377.833
4054377.809
4054377.782
4054377.755
4054377.73
4054377.7
4054377.67
4054377.652
4054377.632
4054377.602
4054377.577
4054377.556
4054377.533
4054377.506
4054377.482
4054377.465
4054377.445
4054377.417
4054377.388
4054377.367
4054377.338
4054377.31
4054377.281
4054377.254
4054377.23
4054377.207
4054377.177
4054377.139
4054377.11
4054377.089
4054377.06
4054377.026
4054376.997
4054376.965
4054376.929
4054376.906
4054376.879
4054376.848
4054376.823
4054376.793
4054376.758
4054376.717
4054376.677
4054376.648
4054376.616
4054376.577
4054376.543
4054376.514
4054376.481
4054376.451
4054376.42
4054376.387
4054376.356
4054376.323
4054376.299
4054376.268
4054376.236
4054376.206
4054376.184
4054376.154
4054376.12
4054376.094
4054376.058
4054376.036
4054376.017
4054375.992
4054375.961
4054375.938
4054375.906
4054375.874
4054375.85
4054375.831
4054375.8
4054375.77
4054375.74
4054375.711
4054375.684
4054375.656
4054375.63
4054375.595
4054375.573
4054375.56
4054375.539
4054375.506
4054375.478
4054375.463
4054375.448
4054375.422
4054375.399
4054375.377
4054375.343
4054375.318
4054375.297
4054375.267
4054375.239
4054375.212
4054375.191
4054375.163
4054375.136
4054375.117
4054375.098
4054375.078
4054375.043
4054375.014
4054374.994
4054374.974
4054374.949
4054374.921
4054374.887
4054374.849
4054374.823
4054374.79
4054374.75
4054374.727
4054374.685
4054374.641
4054374.606
4054374.562
4054374.51
4054374.472
4054374.426
4054374.365
4054374.321
4054374.258
4054374.209
4054374.155
4054374.11
4054374.051
4054374.004
4054373.949
4054373.893
4054373.839
4054373.795
4054373.747
4054373.702
4054373.657
4054373.605
4054373.547
4054373.5
4054373.454
4054373.405
4054373.361
4054373.315
4054373.268
4054373.218
4054373.168
4054373.114
4054373.071
4054373.034
4054372.986
4054372.937
4054372.892
4054372.842
4054372.798
4054372.765
4054372.73
4054372.679
4054372.632
4054372.588
4054372.543
4054372.504
4054372.464
4054372.42
4054372.369
4054372.328
4054372.288
4054372.25
4054372.214
4054372.174
4054372.126
4054372.079
4054372.04
4054372.007
4054371.976
4054371.943
4054371.902
4054371.856
4054371.808
4054371.771
4054371.746
4054371.717
4054371.669
4054371.62
4054371.58
4054371.547
4054371.521
4054371.488
4054371.45
4054371.414
4054371.377
4054371.341
4054371.315
4054371.28
4054371.231
4054371.196
4054371.171
4054371.133
4054371.095
4054371.066
4054371.027
4054370.991
4054370.969
4054370.938
4054370.906
4054370.876
4054370.845
4054370.814
4054370.777
4054370.743
4054370.72
4054370.694
4054370.67
4054370.64
4054370.61
4054370.58
4054370.555
4054370.529
4054370.495
4054370.457
4054370.427
4054370.407
4054370.38
4054370.335
4054370.305
4054370.279
4054370.238
4054370.207
4054370.186
4054370.152
4054370.128
4054370.109
4054370.082
4054370.056
4054370.031
4054370.008
4054369.978
4054369.951
4054369.93
4054369.91
4054369.888
4054369.871
4054369.849
4054369.831
4054369.809
4054369.783
4054369.763
4054369.736
4054369.7
4054369.666
4054369.634
4054369.592
4054369.564
4054369.537
4054369.498
4054369.456
4054369.409
4054369.363
4054369.317
4054369.282
4054369.232
4054369.183
4054369.129
4054369.083
4054369.038
4054368.988
4054368.931
4054368.88
4054368.834
4054368.799
4054368.741
4054368.699
4054368.665
4054368.609
4054368.55
4054368.511
4054368.461
4054368.409
4054368.368
4054368.319
4054368.273
4054368.233
4054368.188
4054368.128
4054368.081
4054368.04
4054367.995
4054367.951
4054367.904
4054367.853
4054367.815
4054367.772
4054367.712
4054367.678
4054367.644
4054367.586
4054367.536
4054367.496
4054367.454
4054367.41
4054367.367
4054367.313
4054367.267
4054367.222
4054367.168
4054367.119
4054367.081
4054367.038
4054366.985
4054366.93
4054366.879
4054366.842
4054366.803
4054366.749
4054366.701
4054366.648
4054366.604
4054366.567
4054366.515
4054366.465
4054366.426
4054366.385
4054366.334
4054366.284
4054366.239
4054366.203
4054366.164
4054366.114
4054366.076
4054366.04
4054365.986
4054365.949
4054365.91
4054365.867
4054365.821
4054365.778
4054365.727
4054365.684
4054365.656
4054365.604
4054365.559
4054365.514
4054365.471
4054365.418
4054365.375
4054365.336
4054365.283
4054365.244
4054365.202
4054365.155
4054365.12
4054365.084
4054365.044
4054364.974
4054364.929
4054364.888
4054364.841
4054364.802
4054364.762
4054364.726
4054364.678
4054364.635
4054364.581
4054364.55
4054364.513
4054364.465
4054364.434
4054364.391
4054364.344
4054364.29
4054364.248
4054364.207
4054364.166
4054364.122
4054364.082
4054364.039
4054364.004
4054363.961
4054363.918
4054363.874
4054363.831
4054363.79
4054363.752
4054363.712
4054363.67
4054363.629
4054363.593
4054363.551
4054363.51
4054363.477
4054363.435
4054363.392
4054363.362
4054363.317
4054363.273
4054363.241
4054363.203
4054363.165
4054363.126
4054363.09
4054363.055
4054363.012
4054362.98
4054362.939
4054362.89
4054362.842
4054362.804
4054362.774
4054362.741
4054362.701
4054362.663
4054362.614
4054362.567
4054362.532
4054362.494
4054362.452
4054362.416
4054362.372
4054362.337
4054362.302
4054362.26
4054362.212
4054362.18
4054362.141
4054362.094
4054362.047
4054362.009
4054361.975
4054361.937
4054361.884
4054361.837
4054361.8
4054361.763
4054361.723
4054361.675
4054361.64
4054361.598
4054361.562
4054361.509
4054361.467
4054361.43
4054361.389
4054361.344
4054361.306
4054361.267
4054361.225
4054361.179
4054361.151
4054361.107
4054361.059
4054361.015
4054360.965
4054360.923
4054360.88
4054360.839
4054360.79
4054360.747
4054360.717
4054360.677
4054360.623
4054360.573
4054360.529
4054360.494
4054360.45
4054360.402
4054360.368
4054360.333
4054360.287
4054360.235
4054360.193
4054360.149
4054360.115
4054360.07
4054360.024
4054359.98
4054359.938
4054359.901
4054359.86
4054359.807
4054359.765
4054359.724
4054359.684
4054359.636
4054359.599
4054359.555
4054359.515
4054359.465
4054359.414
4054359.371
4054359.33
4054359.293
4054359.25
4054359.205
4054359.152
4054359.107
4054359.063
4054359.014
4054358.966
4054358.923
4054358.881
4054358.838
4054358.79
4054358.745
4054358.702
4054358.659
4054358.613
4054358.571
4054358.523
4054358.473
4054358.423
4054358.382
4054358.344
4054358.295
4054358.244
4054358.195
4054358.153
4054358.103
4054358.051
4054358.001
4054357.971
4054357.921
4054357.874
4054357.83
4054357.783
4054357.737
4054357.682
4054357.625
4054357.586
4054357.548
4054357.501
4054357.456
4054357.404
4054357.365
4054357.323
4054357.281
4054357.234
4054357.189
4054357.137
4054357.1
4054357.057
4054357.011
4054356.96
4054356.923
4054356.879
4054356.854
4054356.815
4054356.771
4054356.723
4054356.678
4054356.646
4054356.603
4054356.562
4054356.526
4054356.489
4054356.444
4054356.398
4054356.367
4054356.34
4054356.305
4054356.263
4054356.227
4054356.197
4054356.165
4054356.132
4054356.098
4054356.07
4054356.029
4054355.998
4054355.974
4054355.934
4054355.898
4054355.863
4054355.826
4054355.789
4054355.757
4054355.73
4054355.703
4054355.671
4054355.645
4054355.611
4054355.575
4054355.541
4054355.516
4054355.503
4054355.483
4054355.467
4054355.449
4054355.421
4054355.381
4054355.352
4054355.325
4054355.299
4054355.275
4054355.249
4054355.23
4054355.204
4054355.181
4054355.163
4054355.151
4054355.11
4054355.092
4054355.072
4054355.047
4054355.019
4054355
4054354.988
4054354.97
4054354.949
4054354.929
4054354.915
4054354.897
4054354.879
4054354.86
4054354.837
4054354.822
4054354.809
4054354.792
4054354.769
4054354.742
4054354.731
4054354.713
4054354.7
4054354.687
4054354.679
4054354.667
4054354.652
4054354.637
4054354.619
4054354.603
4054354.584
4054354.572
4054354.561
4054354.548
4054354.533
4054354.519
4054354.515
4054354.502
4054354.493
4054354.484
4054354.47
4054354.458
4054354.447
4054354.442
4054354.431
4054354.427
4054354.418
4054354.413
4054354.403
4054354.402
4054354.39
4054354.384
4054354.38
4054354.373
4054354.367
4054354.359
4054354.354
4054354.343
4054354.335
4054354.324
4054354.313
4054354.305
4054354.299
4054354.286
4054354.273
4054354.259
4054354.243
4054354.224
4054354.194
4054354.173
4054354.159
4054354.14
4054354.117
4054354.091
4054354.069
4054354.039
4054354.006
4054353.989
4054353.962
4054353.934
4054353.903
4054353.886
4054353.861
4054353.839
4054353.818
4054353.804
4054353.783
4054353.762
4054353.726
4054353.681
4054353.643
4054353.643
4054353.615
4054353.592
4054353.533
4054353.503
4054353.476
4054353.46
4054353.428
4054353.4
4054353.336
4054353.306
4054353.267
4054353.226
4054353.185
4054353.12
4054353.064
4054353.03
4054352.98
4054352.925
4054352.888
4054352.847
4054352.785
4054352.72
4054352.667
4054352.603
4054352.543
4054352.495
4054352.444
4054352.4
4054352.349
4054352.301
4054352.249
4054352.19
4054352.143
4054352.102
4054352.07
4054352.038
4054351.995
4054351.938
4054351.88
4054351.855
4054351.838
4054351.814
4054351.777
4054351.738
4054351.71
4054351.687
4054351.65
4054351.603
4054351.567
4054351.529
4054351.488
4054351.456
4054351.409
4054351.364
4054351.329
4054351.284
4054351.244
4054351.205
4054351.165
4054351.124
4054351.088
4054351.051
4054351.013
4054350.962
4054350.917
4054350.886
4054350.848
4054350.807
4054350.757
4054350.722
4054350.691
4054350.646
4054350.6
4054350.561
4054350.523
4054350.479
4054350.445
4054350.413
4054350.358
4054350.317
4054350.277
4054350.239
4054350.198
4054350.153
4054350.12
4054350.073
4054350.032
4054350.001
4054349.956
4054349.925
4054349.897
4054349.863
4054349.846
4054349.806
4054349.773
4054349.751
4054349.718
4054349.693
4054349.662
4054349.635
4054349.618
4054349.59
4054349.559
4054349.536
4054349.506
4054349.484
4054349.469
4054349.45
4054349.415
4054349.392
4054349.386
4054349.372
4054349.357
4054349.335
4054349.322
4054349.301
4054349.29
4054349.285
4054349.284
4054349.267
4054349.26
4054349.243
4054349.232
4054349.227
4054349.224
4054349.225
4054349.232
4054349.226
4054349.229
4054349.23
4054349.235
4054349.241
4054349.247
4054349.256
4054349.278
4054349.289
4054349.294
4054349.307
4054349.327
4054349.329
4054349.339
4054349.356
4054349.375
4054349.401
4054349.412
4054349.418
4054349.436
4054349.462
4054349.499
4054349.521
4054349.55
4054349.578
4054349.607
4054349.64
4054349.67
4054349.702
4054349.74
4054349.782
4054349.819
4054349.853
4054349.892
4054349.928
4054349.966
4054350.001
4054350.033
4054350.06
4054350.093
4054350.125
4054350.157
4054350.196
4054350.24
4054350.279
4054350.312
4054350.342
4054350.377
4054350.415
4054350.454
4054350.501
4054350.546
4054350.586
4054350.628
4054350.666
4054350.709
4054350.757
4054350.795
4054350.837
4054350.87
4054350.905
4054350.943
4054350.986
4054351.019
4054351.052
4054351.094
4054351.134
4054351.169
4054351.199
4054351.238
4054351.274
4054351.307
4054351.35
4054351.385
4054351.417
4054351.461
4054351.505
4054351.535
4054351.576
4054351.619
4054351.661
4054351.7
4054351.755
4054351.793
4054351.824
4054351.873
4054351.923
4054351.961
4054351.999
4054352.041
4054352.08
4054352.12
4054352.156
4054352.191
4054352.231
4054352.279
4054352.325
4054352.363
4054352.402
4054352.437
4054352.479
4054352.523
4054352.564
4054352.599
4054352.628
4054352.666
4054352.715
4054352.763
4054352.794
4054352.846
4054352.887
4054352.917
4054352.961
4054353.007
4054353.059
4054353.118
4054353.163
4054353.206
4054353.263
4054353.304
4054353.339
4054353.397
4054353.441
4054353.493
4054353.545
4054353.58
4054353.636
4054353.673
4054353.723
4054353.773
4054353.815
4054353.867
4054353.915
4054353.967
4054354.023
4054354.068
4054354.115
4054354.168
4054354.218
4054354.273
4054354.326
4054354.379
4054354.425
4054354.475
4054354.53
4054354.585
4054354.642
4054354.701
4054354.761
4054354.816
4054354.867
4054354.926
4054354.99
4054355.056
4054355.108
4054355.184
4054355.241
4054355.301
4054355.356
4054355.421
4054355.481
4054355.545
4054355.601
4054355.659
4054355.727
4054355.793
4054355.854
4054355.914
4054355.97
4054356.037
4054356.084
4054356.144
4054356.207
4054356.266
4054356.33
4054356.378
4054356.424
4054356.485
4054356.553
4054356.607
4054356.647
4054356.711
4054356.764
4054356.819
4054356.878
4054356.942
4054356.996
4054357.05
4054357.097
4054357.147
4054357.208
4054357.269
4054357.313
4054357.364
4054357.433
4054357.476
4054357.536
4054357.571
4054357.621
4054357.672
4054357.733
4054357.793
4054357.847
4054357.895
4054357.961
4054358.016
4054358.061
4054358.11
4054358.164
4054358.225
4054358.275
4054358.328
4054358.38
4054358.425
4054358.474
4054358.538
4054358.604
4054358.659
4054358.704
4054358.763
4054358.83
4054358.88
4054358.93
4054358.996
4054359.053
4054359.089
4054359.147
4054359.197
4054359.251
4054359.304
4054359.363
4054359.422
4054359.495
4054359.554
4054359.607
4054359.661
4054359.702
4054359.773
4054359.824
4054359.869
4054359.928
4054359.994
4054360.059
4054360.107
4054360.155
4054360.224
4054360.276
4054360.321
4054360.39
4054360.434
4054360.478
4054360.543
4054360.607
4054360.681
4054360.734
4054360.776
4054360.833
4054360.902
4054360.958
4054361.031
4054361.099
4054361.078
4054361.105
4054361.213
4054361.255
4054361.303
4054361.359
4054361.403
4054361.452
4054361.503
4054361.554
4054361.605
4054361.658
4054361.693
4054361.723
4054361.776
4054361.838
4054361.895
4054361.935
4054361.991
4054362.024
4054362.074
4054362.106
4054362.152
4054362.194
4054362.244
4054362.295
4054362.34
4054362.386
4054362.46
4054362.502
4054362.546
4054362.599
4054362.627
4054362.642
4054362.686
4054362.737
4054362.805
4054362.846
4054362.893
4054362.919
4054362.903
4054362.971
4054363.03
4054363.117
4054363.142
4054363.362
4054363.406
4054363.461
4054363.511
4054363.536
4054363.576
4054363.637
4054363.699
4054363.736
4054363.769
4054363.825
4054363.879
4054363.928
4054363.974
4054364.015
4054364.079
4054364.125
4054364.153
4054364.214
4054364.292
4054364.346
4054364.377
4054364.432
4054364.476
4054364.529
4054364.583
4054364.609
4054364.649
4054364.709
4054364.761
4054364.817
4054364.862
4054364.855
4054364.919
4054364.965
4054365.007
4054365.048
4054365.106
4054365.164
4054365.206
4054365.258
4054365.315
4054365.367
4054365.41
4054365.464
4054365.511
4054365.553
4054365.593
4054365.63
4054365.677
4054365.757
4054365.805
4054365.851
4054365.912
4054365.965
4054366.013
4054366.062
4054366.105
4054366.158
4054366.203
4054366.257
4054366.306
4054366.352
4054366.397
4054366.443
4054366.503
4054366.552
4054366.581
4054366.616
4054366.672
4054366.735
4054366.787
4054366.832
4054366.875
4054366.924
4054366.983
4054367.036
4054367.093
4054367.143
4054367.176
4054367.218
4054367.275
4054367.326
4054367.379
4054367.419
4054367.472
4054367.547
4054367.587
4054367.631
4054367.688
4054367.74
4054367.782
4054367.829
4054367.882
4054367.936
4054367.985
4054368.028
4054368.082
4054368.141
4054368.192
4054368.256
4054368.289
4054368.314
4054368.382
4054368.445
4054368.492
4054368.541
4054368.58
4054368.642
4054368.69
4054368.717
4054368.773
4054368.841
4054368.903
4054368.957
4054369.002
4054369.061
4054369.114
4054369.171
4054369.218
4054369.264
4054369.313
4054369.366
4054369.412
4054369.466
4054369.523
4054369.586
4054369.622
4054369.669
4054369.728
4054369.784
4054369.842
4054369.89
4054369.931
4054369.993
4054370.058
4054370.106
4054370.159
4054370.195
4054370.243
4054370.306
4054370.357
4054370.388
4054370.442
4054370.493
4054370.547
4054370.603
4054370.654
4054370.707
4054370.76
4054370.817
4054370.868
4054370.917
4054370.969
4054371.021
4054371.06
4054371.089
4054371.136
4054371.191
4054371.252
4054371.308
4054371.351
4054371.389
4054371.442
4054371.492
4054371.548
4054371.604
4054371.643
4054371.693
4054371.746
4054371.794
4054371.841
4054371.893
4054371.939
4054371.975
4054372.027
4054372.084
4054372.128
4054372.178
4054372.232
4054372.285
4054372.332
4054372.378
4054372.429
4054372.483
4054372.528
4054372.575
4054372.624
4054372.672
4054372.722
4054372.77
4054372.819
4054372.869
4054372.929
4054372.97
4054373.012
4054373.06
4054373.107
4054373.166
4054373.196
4054373.239
4054373.279
4054373.325
4054373.378
4054373.426
4054373.468
4054373.516
4054373.57
4054373.614
4054373.658
4054373.705
4054373.744
4054373.801
4054373.857
4054373.896
4054373.937
4054373.985
4054374.037
4054374.082
4054374.119
4054374.163
4054374.214
4054374.257
4054374.302
4054374.345
4054374.38
4054374.427
4054374.473
4054374.513
4054374.562
4054374.608
4054374.638
4054374.666
4054374.714
4054374.762
4054374.804
4054374.855
4054374.896
4054374.935
4054374.98
4054375.028
4054375.079
4054375.121
4054375.157
4054375.194
4054375.233
4054375.267
4054375.306
4054375.341
4054375.398
4054375.447
4054375.482
4054375.522
4054375.554
4054375.6
4054375.649
4054375.678
4054375.707
4054375.756
4054375.806
4054375.846
4054375.889
4054375.921
4054375.953
4054376.003
4054376.046
4054376.086
4054376.123
4054376.163
4054376.203
4054376.242
4054376.279
4054376.318
4054376.365
4054376.4
4054376.431
4054376.474
4054376.519
4054376.556
4054376.598
4054376.642
4054376.687
4054376.722
4054376.756
4054376.792
4054376.835
4054376.878
4054376.91
4054376.946
4054376.997
4054377.041
4054377.074
4054377.121
4054377.147
4054377.183
4054377.223
4054377.259
4054377.308
4054377.364
4054377.389
4054377.419
4054377.461
4054377.505
4054377.557
4054377.592
4054377.622
4054377.664
4054377.691
4054377.723
4054377.783
4054377.826
4054377.848
4054377.891
4054377.946
4054377.985
4054378.028
4054378.067
4054378.104
4054378.144
4054378.185
4054378.226
4054378.269
4054378.309
4054378.347
4054378.392
4054378.433
4054378.471
4054378.502
4054378.551
4054378.601
4054378.627
4054378.659
4054378.705
4054378.754
4054378.793
4054378.83
4054378.867
4054378.902
4054378.949
4054378.988
4054379.025
4054379.068
4054379.109
4054379.136
4054379.168
4054379.204
4054379.257
4054379.297
4054379.335
4054379.373
4054379.418
4054379.454
4054379.482
4054379.526
4054379.571
4054379.604
4054379.643
4054379.692
4054379.731
4054379.775
4054379.807
4054379.838
4054379.882
4054379.925
4054379.97
4054380.007
4054380.034
4054380.072
4054380.115
4054380.156
4054380.196
4054380.227
4054380.265
4054380.31
4054380.338
4054380.373
4054380.424
4054380.459
4054380.493
4054380.536
4054380.57
4054380.601
4054380.635
4054380.673
4054380.696
4054380.734
4054380.775
4054380.821
4054380.853
4054380.882
4054380.928
4054380.973
4054381.006
4054381.041
4054381.092
4054381.128
4054381.151
4054381.183
4054381.22
4054381.255
4054381.293
4054381.323
4054381.355
4054381.399
4054381.437
4054381.471
4054381.51
4054381.552
4054381.586
4054381.61
4054381.647
4054381.687
4054381.726
4054381.764
4054381.798
4054381.837
4054381.878
4054381.913
4054381.947
4054381.98
4054382.017
4054382.053
4054382.099
4054382.132
4054382.168
4054382.204
4054382.235
4054382.267
4054382.314
4054382.35
4054382.384
4054382.433
4054382.471
4054382.501
4054382.541
4054382.589
4054382.621
4054382.659
4054382.699
4054382.739
4054382.782
4054382.821
4054382.853
4054382.885
4054382.925
4054382.962
4054383.009
4054383.055
4054383.089
4054383.13
4054383.179
4054383.222
4054383.265
4054383.301
4054383.351
4054383.402
4054383.441
4054383.481
4054383.525
4054383.571
4054383.612
4054383.65
4054383.689
4054383.738
4054383.78
4054383.822
4054383.86
4054383.896
4054383.941
4054383.987
4054384.026
4054384.056
4054384.09
4054384.144
4054384.182
4054384.213
4054384.25
4054384.289
4054384.327
4054384.367
4054384.406
4054384.437
4054384.469
4054384.507
4054384.546
4054384.583
4054384.613
4054384.643
4054384.676
4054384.711
4054384.739
4054384.77
4054384.804
4054384.836
4054384.874
4054384.908
4054384.937
4054384.961
4054384.989
4054385.024
4054385.054
4054385.081
4054385.108
4054385.136
4054385.155
4054385.177
4054385.205
4054385.236
4054385.264
4054385.291
4054385.323
4054385.349
4054385.373
4054385.409
4054385.448
4054385.474
4054385.496
4054385.523
4054385.548
4054385.573
4054385.609
4054385.642
4054385.666
4054385.694
4054385.724
4054385.752
4054385.783
4054385.811
4054385.84
4054385.875
4054385.905
4054385.937
4054385.976
4054385.999
4054386.03
4054386.059
4054386.09
4054386.128
4054386.167
4054386.208
4054386.243
4054386.27
4054386.293
4054386.323
4054386.362
4054386.388
4054386.411
4054386.436
4054386.466
4054386.498
4054386.522
4054386.541
4054386.567
4054386.592
4054386.614
4054386.632
4054386.656
4054386.676
4054386.698
4054386.725
4054386.748
4054386.771
4054386.797
4054386.815
4054386.832
4054386.856
4054386.88
4054386.9
4054386.922
4054386.947
4054386.967
4054386.986
4054387.004
4054387.021
4054387.044
4054387.061
4054387.081
4054387.107
4054387.122
4054387.138
4054387.167
4054387.197
4054387.204
4054387.233
4054387.261
4054387.293
4054387.32
4054387.335
4054387.355
4054387.383
4054387.416
4054387.448
4054387.468
4054387.491
4054387.524
4054387.553
4054387.573
4054387.598
4054387.624
4054387.653
4054387.682
4054387.717
4054387.751
4054387.772
4054387.798
4054387.827
4054387.86
4054387.892
4054387.93
4054387.963
4054387.991
4054388.02
4054388.051
4054388.082
4054388.105
4054388.133
4054388.168
4054388.204
4054388.24
4054388.277
4054388.312
4054388.347
4054388.386
4054388.422
4054388.46
4054388.499
4054388.541
4054388.583
4054388.62
4054388.666
4054388.704
4054388.751
4054388.795
4054388.842
4054388.891
4054388.925
4054388.963
4054389.012
4054389.055
4054389.1
4054389.158
4054389.214
4054389.258
4054389.301
4054389.346
4054389.402
4054389.462
4054389.52
4054389.567
4054389.619
4054389.674
4054389.726
4054389.783
4054389.831
4054389.871
4054389.929
4054389.985
4054390.038
4054390.088
4054390.127
4054390.168
4054390.203
4054390.234
4054390.275
4054390.312
4054390.363
4054390.417
4054390.45
4054390.492
4054390.529
4054390.569
4054390.622
4054390.668
4054390.712
4054390.762
4054390.823
4054390.877
4054390.924
4054390.96
4054391.02
4054391.08
4054391.14
4054391.196
4054391.253
4054391.312
4054391.374
4054391.427
4054391.486
4054391.551
4054391.617
4054391.681
4054391.749
4054391.813
4054391.875
4054391.934
4054391.986
4054392.042
4054392.09
4054392.157
4054392.225
4054392.274
4054392.336
4054392.396
4054392.464
4054392.531
4054392.587
4054392.646
4054392.71
4054392.771
4054392.84
4054392.913
4054392.971
4054393.022
4054393.077
4054393.142
4054393.208
4054393.279
4054393.332
4054393.389
4054393.445
4054393.517
4054393.574
4054393.638
4054393.702
4054393.762
4054393.839
4054393.891
4054393.952
4054394.011
4054394.073
4054394.123
4054394.19
4054394.252
4054394.313
4054394.357
4054394.407
4054394.484
4054394.553
4054394.616
4054394.666
4054394.741
4054394.79
4054394.849
4054394.906
4054394.953
4054395.021
4054395.075
4054395.119
4054395.183
4054395.24
4054395.291
4054395.344
4054395.413
4054395.485
4054395.555
4054395.618
4054395.679
4054395.734
4054395.801
4054395.867
4054395.94
4054396.004
4054396.064
4054396.129
4054396.204
4054396.264
4054396.319
4054396.372
4054396.44
4054396.505
4054396.57
4054396.639
4054396.71
4054396.775
4054396.834
4054396.885
4054396.942
4054397.005
4054397.062
4054397.118
4054397.174
4054397.229
4054397.283
4054397.343
4054397.4
4054397.455
4054397.503
4054397.556
4054397.609
4054397.654
4054397.708
4054397.759
4054397.808
4054397.867
4054397.912
4054397.962
4054398.018
4054398.062
4054398.103
4054398.148
4054398.189
4054398.233
4054398.273
4054398.322
4054398.366
4054398.41
4054398.453
4054398.494
4054398.538
4054398.575
4054398.61
4054398.661
4054398.695
4054398.735
4054398.779
4054398.814
4054398.857
4054398.889
4054398.926
4054398.965
4054398.997
4054399.029
4054399.059
4054399.09
4054399.116
4054399.141
4054399.172
4054399.204
4054399.232
4054399.258
4054399.283
4054399.322
4054399.356
4054399.38
4054399.409
4054399.448
4054399.478
4054399.515
4054399.54
4054399.57
4054399.612
4054399.654
4054399.695
4054399.725
4054399.757
4054399.793
4054399.825
4054399.857
4054399.892
4054399.924
4054399.946
4054399.973
4054400.01
4054400.035
4054400.092
4054400.112
4054400.165
4054400.201
4054400.229
4054400.265
4054400.299
4054400.339
4054400.376
4054400.406
4054400.443
4054400.478
4054400.512
4054400.547
4054400.58
4054400.624
4054400.664
4054400.701
4054400.739
4054400.769
4054400.805
4054400.853
4054400.894
4054400.931
4054400.974
4054401.016
4054401.053
4054401.091
4054401.137
4054401.183
4054401.226
4054401.275
4054401.318
4054401.37
4054401.417
4054401.468
4054401.522
4054401.564
4054401.611
4054401.659
4054401.71
4054401.763
4054401.814
4054401.866
4054401.926
4054401.967
4054402.003
4054402.064
4054402.108
4054402.164
4054402.236
4054402.286
4054402.335
4054402.392
4054402.443
4054402.505
4054402.541
4054402.609
4054402.662
4054402.718
4054402.773
4054402.83
4054402.89
4054402.943
4054402.995
4054403.036
4054403.084
4054403.14
4054403.186
4054403.237
4054403.292
4054403.344
4054403.4
4054403.447
4054403.497
4054403.544
4054403.584
4054403.628
4054403.672
4054403.713
4054403.771
4054403.81
4054403.851
4054403.898
4054403.951
4054403.999
4054404.033
4054404.078
4054404.12
4054404.166
4054404.208
4054404.254
4054404.294
4054404.328
4054404.379
4054404.407
4054404.46
4054404.496
4054404.539
4054404.573
4054404.615
4054404.65
4054404.683
4054404.729
4054404.758
4054404.791
4054404.827
4054404.862
4054404.891
4054404.914
4054404.95
4054404.995
4054405.022
4054405.052
4054405.084
4054405.116
4054405.153
4054405.181
4054405.206
4054405.238
4054405.267
4054405.307
4054405.33
4054405.36
4054405.385
4054405.414
4054405.447
4054405.467
4054405.49
4054405.515
4054405.55
4054405.584
4054405.599
4054405.606
4054405.633
4054405.653
4054405.674
4054405.709
4054405.732
4054405.759
4054405.778
4054405.805
4054405.834
4054405.854
4054405.879
4054405.898
4054405.913
4054405.95
4054405.973
4054405.989
4054406.007
4054406.029
4054406.052
4054406.073
4054406.091
4054406.116
4054406.134
4054406.156
4054406.181
4054406.205
4054406.221
4054406.241
4054406.261
4054406.288
4054406.317
4054406.334
4054406.355
4054406.383
4054406.404
4054406.421
4054406.44
4054406.463
4054406.487
4054406.515
4054406.536
4054406.557
4054406.582
4054406.612
4054406.626
4054406.646
4054406.671
4054406.692
4054406.714
4054406.732
4054406.761
4054406.789
4054406.809
4054406.825
4054406.848
4054406.881
4054406.903
4054406.927
4054406.954
4054406.971
4054406.996
4054407.023
4054407.048
4054407.071
4054407.091
4054407.125
4054407.158
4054407.185
4054407.203
4054407.227
4054407.266
4054407.302
4054407.325
4054407.348
4054407.384
4054407.405
4054407.429
4054407.463
4054407.497
4054407.528
4054407.559
4054407.594
4054407.616
4054407.639
4054407.668
4054407.706
4054407.748
4054407.771
4054407.803
4054407.836
4054407.875
4054407.902
4054407.936
4054407.974
4054408.007
4054408.046
4054408.08
4054408.109
4054408.141
4054408.182
4054408.216
4054408.248
4054408.282
4054408.321
4054408.352
4054408.387
4054408.416
4054408.455
4054408.498
4054408.527
4054408.558
4054408.589
4054408.621
4054408.663
4054408.697
4054408.726
4054408.742
4054408.786
4054408.824
4054408.856
4054408.884
4054408.925
4054408.948
4054408.985
4054409.015
4054409.052
4054409.088
4054409.119
4054409.153
4054409.186
4054409.223
4054409.251
4054409.292
4054409.325
4054409.348
4054409.389
4054409.426
4054409.464
4054409.494
4054409.527
4054409.565
4054409.621
4054409.651
4054409.671
4054409.694
4054409.734
4054409.775
4054409.813
4054409.835
4054409.864
4054409.896
4054409.942
4054409.977
4054410.012
4054410.037
4054410.062
4054410.092
4054410.13
4054410.162
4054410.192
4054410.223
4054410.24
4054410.285
4054410.306
4054410.326
4054410.379
4054410.414
4054410.443
4054410.48
4054410.512
4054410.54
4054410.579
4054410.616
4054410.639
4054410.653
4054410.692
4054410.737
4054410.772
4054410.797
4054410.828
4054410.858
4054410.887
4054410.916
4054410.941
4054410.963
4054411.001
4054411.051
4054411.081
4054411.099
4054411.146
4054411.169
4054411.192
4054411.23
4054411.274
4054411.295
4054411.306
4054411.334
4054411.424
4054411.445
4054411.462
4054411.465
4054411.492
4054411.556
4054411.606
4054411.613
4054411.632
4054411.655
4054411.687
4054411.718
4054411.737
4054411.765
4054411.794
4054411.822
4054411.829
4054411.715
4054411.714
4054411.722
4054411.75
4054411.713
4054411.766
4054411.788
4054411.81
4054411.778
4054411.788
4054411.914
4054411.981
4054412.055
4054412.026
4054412.039
4054412.069
4054412.095
4054412.128
4054412.163
4054412.185
4054412.205
4054412.23
4054412.251
4054412.275
4054412.298
4054412.329
4054412.342
4054412.359
4054412.38
4054412.418
4054412.44
4054412.458
4054412.474
4054412.506
4054412.481
4054412.463
4054412.53
4054412.553
4054412.564
4054412.578
4054412.599
4054412.63
4054412.644
4054412.665
4054412.692
4054412.717
4054412.733
4054412.753
4054412.781
4054412.81
4054412.833
4054412.851
4054412.876
4054412.902
4054412.937
4054412.964
4054412.979
4054412.981
4054413.052
4054413.115
4054413.135
4054413.097
4054413.116
4054413.137
4054413.172
4054413.202
4054413.209
4054413.225
4054413.267
4054413.28
4054413.291
4054413.316
4054413.337
4054413.358
4054413.387
4054413.426
4054413.445
4054413.475
4054413.51
4054413.528
4054413.559
4054413.585
4054413.609
4054413.635
4054413.662
4054413.687
4054413.703
4054413.741
4054413.771
4054413.793
4054413.818
4054413.852
4054413.877
4054413.9
4054413.937
4054413.961
4054413.983
4054414.015
4054414.04
4054414.063
4054414.092
4054414.114
4054414.141
4054414.186
4054414.21
4054414.232
4054414.255
4054414.277
4054414.313
4054414.342
4054414.349
4054414.377
4054414.409
4054414.43
4054414.462
4054414.497
4054414.517
4054414.537
4054414.576
4054414.601
4054414.623
4054414.65
4054414.677
4054414.7
4054414.729
4054414.758
4054414.786
4054414.807
4054414.837
4054414.862
4054414.889
4054414.915
4054414.942
4054414.963
4054414.992
4054415.027
4054415.052
4054415.097
4054415.118
4054415.137
4054415.167
4054415.195
4054415.221
4054415.253
4054415.286
4054415.315
4054415.333
4054415.347
4054415.375
4054415.402
4054415.438
4054415.475
4054415.489
4054415.52
4054415.538
4054415.561
4054415.603
4054415.63
4054415.647
4054415.67
4054415.696
4054415.716
4054415.744
4054415.776
4054415.797
4054415.835
4054415.862
4054415.88
4054415.894
4054415.916
4054415.943
4054415.975
4054416.005
4054416.028
4054416.049
4054416.081
4054416.099
4054416.12
4054416.152
4054416.181
4054416.203
4054416.228
4054416.256
4054416.281
4054416.3
4054416.322
4054416.345
4054416.376
4054416.409
4054416.427
4054416.444
4054416.466
4054416.498
4054416.522
4054416.55
4054416.571
4054416.598
4054416.627
4054416.649
4054416.666
4054416.696
4054416.72
4054416.744
4054416.772
4054416.79
4054416.805
4054416.836
4054416.866
4054416.889
4054416.909
4054416.94
4054416.968
4054416.998
4054417.011
4054417.035
4054417.063
4054417.088
4054417.112
4054417.136
4054417.157
4054417.182
4054417.214
4054417.233
4054417.253
4054417.283
4054417.3
4054417.319
4054417.338
4054417.366
4054417.39
4054417.409
4054417.423
4054417.448
4054417.477
4054417.506
4054417.525
4054417.543
4054417.57
4054417.597
4054417.618
4054417.635
4054417.661
4054417.696
4054417.721
4054417.747
4054417.774
4054417.793
4054417.824
4054417.855
4054417.877
4054417.904
4054417.926
4054417.95
4054417.976
4054418.001
4054418.019
4054418.058
4054418.085
4054418.101
4054418.139
4054418.157
4054418.184
4054418.21
4054418.257
4054418.282
4054418.297
4054418.332
4054418.369
4054418.388
4054418.413
4054418.437
4054418.472
4054418.515
4054418.533
4054418.579
4054418.593
4054418.661
4054418.657
4054418.674
4054418.73
4054418.741
4054418.756
4054418.783
4054418.813
4054418.841
4054418.878
4054418.897
4054418.917
4054418.934
4054418.951
4054418.956
4054418.985
4054418.992
4054419
4054419.016
4054419.03
4054419.017
4054419.017
4054419.027
4054419.04
4054419.041
4054419.038
4054419.011
4054419.016
4054419.044
4054419.021
4054419.027
4054419.008
4054418.977
4054418.993
4054418.978
4054418.947
4054418.923
4054418.905
4054418.898
4054418.876
4054418.872
4054418.829
4054418.801
4054418.783
4054418.736
4054418.717
4054418.697
4054418.659
4054418.619
4054418.598
4054418.573
4054418.543
4054418.519
4054418.485
4054418.459
4054418.429
4054418.377
4054418.341
4054418.311
4054418.287
4054418.25
4054418.211
4054418.178
4054418.151
4054418.107
4054418.076
4054418.042
4054418
4054417.964
4054417.921
4054417.879
4054417.839
4054417.808
4054417.767
4054417.734
4054417.707
4054417.673
4054417.634
4054417.601
4054417.574
4054417.541
4054417.508
4054417.477
4054417.447
4054417.422
4054417.389
4054417.356
4054417.328
4054417.293
4054417.257
4054417.234
4054417.214
4054417.184
4054417.143
4054417.099
4054417.071
4054417.053
4054417.027
4054416.991
4054416.952
4054416.92
4054416.888
4054416.86
4054416.833
4054416.809
4054416.775
4054416.74
4054416.702
4054416.664
4054416.636
4054416.612
4054416.59
4054416.551
4054416.508
4054416.475
4054416.449
4054416.417
4054416.388
4054416.36
4054416.324
4054416.294
4054416.258
4054416.223
4054416.19
4054416.172
4054416.139
4054416.103
4054416.074
4054416.043
4054416.012
4054415.983
4054415.953
4054415.917
4054415.88
4054415.847
4054415.817
4054415.787
4054415.756
4054415.722
4054415.685
4054415.648
4054415.62
4054415.595
4054415.555
4054415.514
4054415.487
4054415.466
4054415.437
4054415.398
4054415.359
4054415.328
4054415.294
4054415.261
4054415.23
4054415.2
4054415.165
4054415.127
4054415.099
4054415.069
4054415.035
4054415.007
4054414.967
4054414.927
4054414.898
4054414.865
4054414.836
4054414.798
4054414.766
4054414.738
4054414.698
4054414.661
4054414.627
4054414.596
4054414.568
4054414.535
4054414.504
4054414.475
4054414.451
4054414.417
4054414.379
4054414.354
4054414.32
4054414.287
4054414.258
4054414.227
4054414.188
4054414.16
4054414.137
4054414.107
4054414.068
4054414.027
4054414
4054413.972
4054413.941
4054413.91
4054413.872
4054413.835
4054413.8
4054413.765
4054413.735
4054413.699
4054413.668
4054413.631
4054413.607
4054413.572
4054413.534
4054413.508
4054413.474
4054413.442
4054413.403
4054413.369
4054413.339
4054413.309
4054413.276
4054413.241
4054413.214
4054413.184
4054413.147
4054413.116
4054413.084
4054413.049
4054413.019
4054412.995
4054412.957
4054412.923
4054412.893
4054412.863
4054412.83
4054412.788
4054412.758
4054412.733
4054412.697
4054412.662
4054412.628
4054412.596
4054412.563
4054412.528
4054412.495
4054412.459
4054412.421
4054412.389
4054412.358
4054412.321
4054412.283
4054412.253
4054412.22
4054412.186
4054412.152
4054412.124
4054412.088
4054412.055
4054412.024
4054411.985
4054411.957
4054411.918
4054411.885
4054411.848
4054411.81
4054411.781
4054411.747
4054411.71
4054411.679
4054411.642
4054411.598
4054411.567
4054411.53
4054411.495
4054411.46
4054411.423
4054411.373
4054411.333
4054411.294
4054411.256
4054411.214
4054411.164
4054411.125
4054411.084
4054411.037
4054410.987
4054410.94
4054410.897
4054410.851
4054410.811
4054410.755
4054410.711
4054410.654
4054410.597
4054410.55
4054410.503
4054410.448
4054410.393
4054410.341
4054410.289
4054410.228
4054410.177
4054410.111
4054410.057
4054409.996
4054409.935
4054409.875
4054409.814
4054409.741
4054409.679
4054409.611
4054409.536
4054409.477
4054409.405
4054409.33
4054409.265
4054409.202
4054409.141
4054409.078
4054409.007
4054408.941
4054408.878
4054408.823
4054408.766
4054408.696
4054408.627
4054408.549
4054408.484
4054408.413
4054408.355
4054408.293
4054408.235
4054408.186
4054408.12
4054408.054
4054407.997
4054407.938
4054407.881
4054407.823
4054407.763
4054407.709
4054407.649
4054407.598
4054407.54
4054407.492
4054407.446
4054407.391
4054407.342
4054407.294
4054407.241
4054407.201
4054407.159
4054407.132
4054407.111
4054407.088
4054407.071
4054407.062
4054407.06
4054407.066
4054407.073
4054407.081
4054407.08
4054407.08
4054407.082
4054407.086
4054407.092
4054407.098
4054407.097
4054407.097
4054407.105
4054407.107
4054407.113
4054407.115
4054407.116
4054407.115
4054407.121
4054407.124
4054407.122
4054407.131
