362181.66
362181.6196
362181.5806
362181.5397
362181.5036
362181.4713
362181.4354
362181.3984
362181.3624
362181.3363
362181.3097
362181.2825
362181.2583
362181.237
362181.2145
362181.1915
362181.1695
362181.1443
362181.1129
362181.0783
362181.0451
362181.0097
362180.9731
362180.9376
362180.9041
362180.8695
362180.8251
362180.7913
362180.7557
362180.7129
362180.6693
362180.6233
362180.5798
362180.5367
362180.4944
362180.4528
362180.4134
362180.3726
362180.3321
362180.2845
362180.2383
362180.1934
362180.1557
362180.1207
362180.0843
362180.0375
362179.9993
362179.9633
362179.929
362179.8877
362179.8499
362179.8115
362179.7774
362179.7368
362179.698
362179.6598
362179.6241
362179.5938
362179.5593
362179.5247
362179.4881
362179.4576
362179.422
362179.3911
362179.3577
362179.3225
362179.2917
362179.2627
362179.2226
362179.1891
362179.156
362179.1296
362179.0992
362179.0679
362179.0346
362179.0066
362178.9771
362178.9523
362178.9197
362178.8898
362178.8669
362178.8393
362178.8128
362178.7885
362178.7591
362178.7321
362178.7031
362178.6657
362178.6367
362178.6089
362178.5758
362178.5398
362178.5078
362178.4785
362178.4532
362178.4212
362178.3922
362178.3661
362178.3368
362178.3067
362178.2801
362178.2544
362178.2321
362178.2081
362178.1823
362178.1582
362178.1338
362178.1077
362178.078
362178.0489
362178.0203
362177.9906
362177.9624
362177.9323
362177.896
362177.8589
362177.8248
362177.7838
362177.7496
362177.714
362177.6705
362177.6367
362177.6092
362177.572
362177.5228
362177.4695
362177.4224
362177.3781
362177.3317
362177.2871
362177.2436
362177.2026
362177.1548
362177.1014
362177.0582
362177.0151
362176.9611
362176.9202
362176.8703
362176.8167
362176.7754
362176.7338
362176.6801
362176.6331
362176.5912
362176.5449
362176.4969
362176.4548
362176.4019
362176.361
362176.3145
362176.278
362176.2311
362176.1869
362176.1489
362176.1021
362176.0588
362176.0115
362175.9724
362175.9307
362175.8945
362175.8479
362175.8097
362175.7608
362175.7265
362175.6823
362175.6391
362175.6004
362175.56
362175.527
362175.4895
362175.453
362175.4107
362175.3791
362175.3456
362175.3103
362175.2706
362175.2305
362175.1801
362175.1554
362175.1004
362175.0559
362175.0182
362174.9805
362174.9316
362174.8849
362174.8484
362174.8167
362174.7878
362174.748
362174.7133
362174.679
362174.6427
362174.6058
362174.5712
362174.5364
362174.4985
362174.4619
362174.4286
362174.4002
362174.3693
362174.3298
362174.2977
362174.2723
362174.2438
362174.2081
362174.1745
362174.1458
362174.1095
362174.0831
362174.0488
362174.031
362174.0063
362173.969
362173.9318
362173.9005
362173.876
362173.8465
362173.819
362173.7891
362173.7571
362173.7227
362173.6853
362173.6504
362173.6262
362173.5876
362173.548
362173.5132
362173.4676
362173.4321
362173.3894
362173.3442
362173.3036
362173.2598
362173.2165
362173.1708
362173.1302
362173.0862
362173.0382
362172.9899
362172.9487
362172.9009
362172.8569
362172.8148
362172.7645
362172.7207
362172.6764
362172.6279
362172.593
362172.5386
362172.4978
362172.4434
362172.3949
362172.3394
362172.2852
362172.2315
362172.1707
362172.1047
362172.0467
362171.9888
362171.9248
362171.8625
362171.7999
362171.7346
362171.6705
362171.611
362171.5431
362171.4837
362171.4193
362171.3585
362171.2965
362171.2395
362171.1849
362171.1292
362171.0671
362171.0081
362170.9416
362170.8873
362170.8313
362170.7691
362170.7174
362170.6587
362170.6013
362170.5455
362170.4864
362170.4316
362170.3725
362170.3117
362170.2621
362170.2098
362170.1554
362170.1058
362170.0524
362169.9905
362169.9368
362169.8862
362169.8314
362169.7774
362169.7247
362169.6733
362169.6173
362169.5654
362169.5104
362169.457
362169.4106
362169.3599
362169.3034
362169.2504
362169.2012
362169.1507
362169.0979
362169.0467
362169.0023
362168.9579
362168.9165
362168.8608
362168.806
362168.7608
362168.7114
362168.659
362168.6214
362168.5643
362168.5186
362168.4699
362168.4302
362168.3913
362168.3401
362168.2907
362168.2512
362168.2034
362168.1553
362168.1055
362168.0714
362168.0193
362167.9757
362167.9302
362167.8876
362167.8479
362167.8031
362167.7656
362167.7254
362167.6763
362167.6348
362167.591
362167.5527
362167.51
362167.4608
362167.4281
362167.3775
362167.3342
362167.2893
362167.2544
362167.2194
362167.1793
362167.138
362167.0988
362167.0628
362167.018
362166.9869
362166.9486
362166.9122
362166.873
362166.828
362166.7873
362166.761
362166.713
362166.6823
362166.6521
362166.6453
362166.609
362166.5753
362166.5389
362166.507
362166.4749
362166.4403
362166.4096
362166.376
362166.3403
362166.3079
362166.2737
362166.2409
362166.2203
362166.1855
362166.153
362166.1253
362166.0873
362166.0572
362166.0274
362165.9985
362165.9189
362165.8897
362165.8609
362165.8331
362165.8098
362165.7761
362165.7403
362165.7193
362165.6914
362165.6595
362165.6421
362165.6184
362165.5922
362165.5726
362165.5478
362165.5173
362165.4941
362165.4788
362165.4533
362165.403
362165.3761
362165.3587
362165.3453
362165.3314
362165.3174
362165.299
362165.2861
362165.2747
362165.2559
362165.2344
362165.2202
362165.2076
362165.1936
362165.18
362165.1666
362165.156
362165.1458
362165.1379
362165.1249
362165.1379
362165.124
362165.1141
362165.106
362165.0906
362165.074
362165.0655
362165.0602
362165.0487
362165.0344
362165.019
362165.01
362164.9942
362164.973
362164.9567
362164.9397
362164.9125
362164.888
362164.8643
362164.8399
362164.8377
362164.819
362164.7962
362164.7853
362164.7655
362164.7333
362164.7074
362164.6898
362164.687
362164.6741
362164.6579
362164.6354
362164.6217
362164.6064
362164.5857
362164.5825
362164.5765
362164.5783
362164.5763
362164.5782
362164.5757
362164.5867
362164.5997
362164.6068
362164.6118
362164.6221
362164.6255
362164.6304
362164.6395
362164.6559
362164.6797
362164.6984
362164.7171
362164.7327
362164.7519
362164.7706
362164.7847
362164.7926
362164.8097
362164.8376
362164.869
362164.8762
362164.8914
362164.9192
362164.939
362164.9637
362164.9812
362164.9982
362165.0252
362165.0541
362165.0808
362165.1057
362165.1271
362165.1611
362165.1859
362165.2207
362165.2543
362165.2813
362165.3063
362165.3276
362165.3634
362165.3977
362165.4231
362165.4545
362165.4883
362165.5248
362165.5573
362165.5858
362165.6207
362165.6571
362165.6906
362165.719
362165.7564
362165.7925
362165.817
362165.8444
362165.8747
362165.9154
362165.9546
362165.9809
362166.0115
362166.0445
362166.0699
362166.1043
362166.1393
362166.1617
362166.1909
362166.2216
362166.2461
362166.2826
362166.3146
362166.3401
362166.3736
362166.411
362166.4438
362166.4819
362166.5172
362166.5401
362166.5743
362166.5994
362166.6336
362166.6661
362166.6941
362166.7271
362166.7556
362166.7886
362166.8115
362166.8401
362166.8704
362166.895
362166.9253
362166.9546
362166.9761
362167.0007
362167.0271
362167.0501
362167.0706
362167.0938
362167.1229
362167.1495
362167.1721
362167.1984
362167.2259
362167.2476
362167.2667
362167.2989
362167.3275
362167.3473
362167.3656
362167.3924
362167.422
362167.45
362167.4749
362167.5011
362167.5289
362167.5533
362167.5827
362167.6123
362167.6361
362167.6683
362167.7003
362167.7288
362167.7536
362167.7823
362167.8122
362167.8475
362167.8849
362167.909
362167.9433
362167.9765
362168.0122
362168.0472
362168.0834
362168.1165
362168.1469
362168.1833
362168.225
362168.2623
362168.3022
362168.3402
362168.3754
362168.4131
362168.4455
362168.4805
362168.5173
362168.5448
362168.5773
362168.6147
362168.6465
362168.6801
362168.7116
362168.7441
362168.775
362168.8103
362168.8405
362168.8744
362168.9045
362168.933
362168.9695
362168.9972
362169.0206
362169.0491
362169.0811
362169.1104
362169.1435
362169.1733
362169.199
362169.2242
362169.2557
362169.2873
362169.3178
362169.347
362169.3744
362169.4001
362169.4278
362169.4587
362169.4837
362169.5178
362169.5545
362169.5872
362169.6192
362169.6501
362169.6824
362169.7198
362169.7539
362169.7818
362169.813
362169.8416
362169.8713
362169.9045
362169.9447
362169.9792
362170.0027
362170.0277
362170.0607
362170.0993
362170.128
362170.1498
362170.1817
362170.2123
362170.2398
362170.2693
362170.309
362170.3501
362170.3818
362170.4208
362170.4586
362170.4988
362170.5491
362170.5846
362170.6312
362170.683
362170.7315
362170.7871
362170.8549
362170.9029
362170.955
362171.0252
362171.0797
362171.1488
362171.222
362171.2865
362171.3501
362171.4186
362171.4757
362171.5396
362171.6048
362171.6658
362171.7226
362171.7865
362171.8418
362171.903
362171.9748
362172.0372
362172.1007
362172.1641
362172.2205
362172.2727
362172.3348
362172.3907
362172.4635
362172.5303
362172.5879
362172.6422
362172.6988
362172.765
362172.8247
362172.8787
362172.9267
362172.9821
362173.0389
362173.0942
362173.1655
362173.226
362173.2726
362173.3223
362173.3755
362173.4341
362173.491
362173.5427
362173.5945
362173.6457
362173.695
362173.7567
362173.8163
362173.8677
362173.9231
362173.9717
362174.0175
362174.0662
362174.1119
362174.1711
362174.2232
362174.2706
362174.3098
362174.3672
362174.42
362174.47
362174.5184
362174.5643
362174.6032
362174.6496
362174.7026
362174.7481
362174.8053
362174.8463
362174.8925
362174.9304
362174.9686
362175.0194
362175.0725
362175.1206
362175.1662
362175.2133
362175.255
362175.2938
362175.3463
362175.3842
362175.4197
362175.4558
362175.4981
362175.5446
362175.5848
362175.6249
362175.6653
362175.7075
362175.7503
362175.7841
362175.822
362175.8596
362175.8935
362175.932
362175.9809
362176.0165
362176.04
362176.066
362176.1061
362176.1503
362176.1868
362176.2039
362176.2149
362176.2447
362176.2724
362176.3009
362176.342
362176.3769
362176.4007
362176.4256
362176.4731
362176.4978
362176.5188
362176.546
362176.5777
362176.6034
362176.6288
362176.6549
362176.6789
362176.6998
362176.7255
362176.7539
362176.7856
362176.8175
362176.8432
362176.8738
362176.9105
362176.9526
362176.9953
362177.0431
362177.0865
362177.138
362177.1945
362177.2372
362177.2872
362177.3381
362177.3978
362177.4619
362177.5234
362177.5756
362177.6359
362177.7017
362177.7636
362177.8155
362177.8924
362177.9534
362178.0042
362178.0596
362178.1311
362178.1895
362178.2484
362178.3108
362178.3609
362178.418
362178.4677
362178.5222
362178.5898
362178.6633
362178.7165
362178.7653
362178.8133
362178.879
362178.9417
362179.0029
362179.0536
362179.1078
362179.1642
362179.2321
362179.2868
362179.3345
362179.4111
362179.4686
362179.5188
362179.5765
362179.6308
362179.6984
362179.7576
362179.8105
362179.8704
362179.9363
362179.9943
362180.0516
362180.1146
362180.1707
362180.234
362180.293
362180.3466
362180.409
362180.4726
362180.5424
362180.6008
362180.6633
362180.7151
362180.785
362180.8476
362180.9065
362180.964
362181.0244
362181.0844
362181.1427
362181.2112
362181.2719
362181.3348
362181.3943
362181.4517
362181.5187
362181.5848
362181.6462
362181.7018
362181.756
362181.8254
362181.8824
362181.9446
362181.9984
362182.0609
362182.1268
362182.1798
362182.2438
362182.3066
362182.3523
362182.4358
362182.5062
362182.557
362182.6209
362182.6937
362182.76
362182.8174
362182.8713
362182.937
362183.0092
362183.0488
362183.1154
362183.1734
362183.2423
362183.2964
362183.3543
362183.425
362183.4835
362183.5416
362183.5998
362183.6664
362183.7317
362183.7927
362183.8502
362183.9231
362183.9826
362184.047
362184.108
362184.1617
362184.2205
362184.2814
362184.3358
362184.4005
362184.4594
362184.5157
362184.5753
362184.629
362184.6782
362184.7348
362184.792
362184.8533
362184.9003
362184.9572
362185.0109
362185.0604
362185.1165
362185.1742
362185.2273
362185.277
362185.3382
362185.392
362185.4443
362185.4923
362185.5444
362185.5927
362185.6429
362185.6965
362185.7498
362185.8039
362185.847
362185.9
362185.946
362185.9856
362186.0282
362186.0869
362186.1407
362186.1845
362186.228
362186.2796
362186.3238
362186.3766
362186.4234
362186.4724
362186.5176
362186.5721
362186.6183
362186.6597
362186.7051
362186.7593
362186.8051
362186.8495
362186.9002
362186.9491
362187.0016
362187.0486
362187.0986
362187.1489
362187.1912
362187.2406
362187.2968
362187.3372
362187.3904
362187.4334
362187.4793
362187.5253
362187.5771
362187.6242
362187.6792
362187.7268
362187.7818
362187.832
362187.8862
362187.9246
362187.9739
362188.0213
362188.0863
362188.1348
362188.1804
362188.2359
362188.2922
362188.3492
362188.3993
362188.4509
362188.4972
362188.5478
362188.6075
362188.6551
362188.6974
362188.7573
362188.8119
362188.8619
362188.911
362188.9639
362189.0289
362189.0802
362189.1224
362189.165
362189.2199
362189.2768
362189.3349
362189.382
362189.4333
362189.4847
362189.5362
362189.5817
362189.6352
362189.6768
362189.7218
362189.781
362189.839
362189.8859
362189.9426
362189.992
362190.0447
362190.0993
362190.1516
362190.206
362190.2537
362190.3104
362190.3656
362190.4206
362190.4696
362190.5283
362190.5806
362190.6333
362190.6895
362190.7497
362190.8004
362190.8558
362190.9101
362190.9644
362191.0211
362191.0798
362191.1306
362191.1868
362191.237
362191.3071
362191.3649
362191.4191
362191.4665
362191.5302
362191.587
362191.6407
362191.6939
362191.7515
362191.809
362191.8675
362191.9202
362191.9676
362192.0219
362192.0958
362192.1483
362192.2009
362192.2574
362192.3111
362192.365
362192.4263
362192.4658
362192.5366
362192.6037
362192.6465
362192.7098
362192.7752
362192.8088
362192.8639
362192.9214
362192.9693
362193.0207
362193.073
362193.1339
362193.1911
362193.2307
362193.288
362193.3405
362193.3916
362193.4393
362193.486
362193.5398
362193.5766
362193.6234
362193.6817
362193.7226
362193.7698
362193.8093
362193.8503
362193.879
362193.9182
362193.9679
362194.0156
362194.0641
362194.0942
362194.1328
362194.1831
362194.221
362194.2608
362194.3146
362194.3472
362194.3861
362194.4243
362194.4727
362194.5108
362194.5459
362194.5732
362194.5956
362194.6443
362194.6944
362194.733
362194.7672
362194.7907
362194.834
362194.877
362194.907
362194.9347
362194.9616
362194.9957
362195.0351
362195.062
362195.0956
362195.1251
362195.1518
362195.1815
362195.211
362195.2378
362195.2692
362195.2912
362195.3198
362195.3535
362195.3801
362195.4
362195.4298
362195.4633
362195.4893
362195.5142
362195.5441
362195.5643
362195.5865
362195.6135
362195.6432
362195.6684
362195.6908
362195.7127
362195.7289
362195.7466
362195.7681
362195.7929
362195.8206
362195.8407
362195.8614
362195.8814
362195.903
362195.9193
362195.9347
362195.9524
362195.971
362195.9905
362196.0103
362196.0267
362196.0369
362196.0497
362196.0639
362196.0824
362196.0983
362196.1146
362196.1267
362196.1383
362196.1505
362196.1619
362196.1749
362196.1839
362196.1937
362196.2031
362196.2087
362196.2152
362196.2233
362196.2307
362196.2388
362196.2449
362196.2526
362196.2602
362196.2682
362196.2768
362196.2845
362196.2941
362196.3022
362196.3157
362196.3241
362196.335
362196.3482
362196.3612
362196.3786
362196.4018
362196.4175
362196.4364
362196.4599
362196.4905
362196.5151
362196.548
362196.583
362196.6149
362196.6557
362196.6962
362196.7353
362196.7718
362196.8098
362196.8641
362196.9064
362196.9641
362197.0054
362197.0502
362197.1046
362197.1605
362197.2199
362197.2785
362197.3279
362197.3833
362197.4402
362197.5008
362197.5563
362197.6204
362197.6692
362197.7292
362197.7666
362197.8226
362197.8831
362197.9466
362197.9993
362198.0647
362198.1059
362198.1523
362198.222
362198.2801
362198.3279
362198.3796
362198.4136
362198.432
362198.5044
362198.5409
362198.5913
362198.6354
362198.6794
362198.7143
362198.7663
362198.8057
362198.8507
362198.8937
362198.9224
362198.9717
362199.0219
362199.0529
362199.1038
362199.1568
362199.2116
362199.2547
362199.3035
362199.3661
362199.4203
362199.4735
362199.5278
362199.5893
362199.6505
362199.7129
362199.7823
362199.8385
362199.8963
362199.9514
362200.0011
362200.0626
362200.107
362200.1633
362200.2265
362200.2718
362200.3179
362200.3778
362200.4299
362200.4824
362200.5372
362200.5967
362200.6474
362200.6965
362200.754
362200.8179
362200.8698
362200.9211
362200.979
362201.049
362201.0893
362201.1444
362201.191
362201.2434
362201.3105
362201.373
362201.42
362201.4648
362201.5095
362201.5641
362201.6233
362201.6715
362201.7278
362201.7812
362201.8308
362201.889
362201.9473
362201.9996
362202.061
362202.1111
362202.1717
362202.2361
362202.2982
362202.3649
362202.4231
362202.4859
362202.5467
362202.6065
362202.6727
362202.7383
362202.7943
362202.8524
362202.9206
362202.982
362203.0411
362203.1032
362203.1695
362203.2318
362203.2946
362203.3713
362203.4337
362203.5042
362203.5731
362203.6395
362203.7123
362203.7786
362203.8388
362203.9066
362203.9785
362204.0495
362204.1149
362204.1855
362204.2513
362204.3171
362204.3901
362204.4621
362204.5225
362204.5987
362204.6601
362204.7332
362204.7942
362204.871
362204.9433
362205.0101
362205.083
362205.1515
362205.224
362205.2895
362205.35
362205.4254
362205.4912
362205.5572
362205.626
362205.699
362205.763
362205.8268
362205.8843
362205.9457
362206.0129
362206.0864
362206.1433
362206.205
362206.2677
362206.3279
362206.3876
362206.4496
362206.4988
362206.5572
362206.6115
362206.6605
362206.7093
362206.7537
362206.8058
362206.8469
362206.8927
362206.9374
362206.9831
362207.0262
362207.0728
362207.1192
362207.1717
362207.2205
362207.258
362207.3007
362207.3425
362207.3857
362207.4295
362207.4676
362207.5051
362207.5414
362207.5826
362207.6145
362207.6421
362207.6882
362207.7282
362207.7557
362207.7898
362207.8248
362207.8661
362207.9093
362207.9484
362207.9812
362208.0166
362208.0579
362208.0965
362208.1423
362208.1839
362208.2342
362208.2753
362208.3163
362208.3684
362208.4095
362208.4485
362208.4901
362208.5237
362208.5634
362208.5985
362208.6318
362208.6776
362208.7151
362208.7464
362208.7825
362208.811
362208.8486
362208.8825
362208.9061
362208.9333
362208.9667
362209.002
362209.0326
362209.0624
362209.0951
362209.1219
362209.1532
362209.1814
362209.2
362209.227
362209.2626
362209.2931
362209.3203
362209.349
362209.3787
362209.4037
362209.4333
362209.4796
362209.5116
362209.5366
362209.5628
362209.5937
362209.6267
362209.6611
362209.7021
362209.7391
362209.7694
362209.8011
362209.8342
362209.863
362209.901
362209.9289
362209.9635
362210.0147
362210.0573
362210.093
362210.117
362210.1447
362210.1813
362210.2179
362210.2543
362210.293
362210.3311
362210.3697
362210.404
362210.4394
362210.4735
362210.5084
362210.5446
362210.5853
362210.6228
362210.6618
362210.6961
362210.7304
362210.7623
362210.7966
362210.8333
362210.8646
362210.9229
362210.9599
362210.99
362211.0335
362211.071
362211.1191
362211.1551
362211.1943
362211.2395
362211.2802
362211.3262
362211.3707
362211.4176
362211.4671
362211.5057
362211.5457
362211.5834
362211.6282
362211.6733
362211.7153
362211.755
362211.8055
362211.8405
362211.886
362211.9276
362211.9768
362212.013
362212.0494
362212.0885
362212.1278
362212.1726
362212.217
362212.2517
362212.2854
362212.3245
362212.364
362212.3973
362212.4418
362212.472
362212.5076
362212.5453
362212.5914
362212.6234
362212.6558
362212.6852
362212.7186
362212.7501
362212.7961
362212.8346
362212.8614
362212.9048
362212.9409
362212.9747
362213.0039
362213.0406
362213.074
362213.098
362213.1498
362213.197
362213.2272
362213.2634
362213.296
362213.3363
362213.3732
362213.4122
362213.4538
362213.4819
362213.5262
362213.5627
362213.602
362213.6453
362213.6763
362213.7253
362213.7713
362213.8064
362213.8378
362213.8791
362213.9124
362213.9551
362213.9949
362214.0511
362214.0837
362214.13
362214.1701
362214.2061
362214.2453
362214.3023
362214.3549
362214.3975
362214.4449
362214.4822
362214.5388
362214.5703
362214.6304
362214.6764
362214.7186
362214.7828
362214.8227
362214.8589
362214.8951
362214.9339
362214.9776
362215.0184
362215.0727
362215.1131
362215.1491
362215.1945
362215.2305
362215.2636
362215.3123
362215.3575
362215.3939
362215.4185
362215.4667
362215.4877
362215.517
362215.6085
362215.667
362215.6683
362215.7252
362215.7802
362215.8162
362215.8618
362215.9106
362215.9622
362216.0005
362216.0345
362216.0773
362216.1283
362216.1861
362216.2387
362216.2803
362216.3129
362216.3543
362216.3881
362216.448
362216.5017
362216.5581
362216.588
362216.6332
362216.6765
362216.7297
362216.7568
362216.7951
362216.827
362216.8748
362216.9242
362216.9539
362217.0018
362217.0675
362217.1123
362217.151
362217.1794
362217.2107
362217.2538
362217.2976
362217.3811
362217.4011
362217.421
362217.4529
362217.5191
362217.7075
362217.7495
362217.7847
362217.803
362217.8569
362217.9015
362217.9343
362217.968
362218.0065
362218.0477
362218.0888
362218.1309
362218.1727
362218.2108
362218.252
362218.279
362218.3148
362218.3667
362218.4025
362218.4169
362218.4632
362218.5126
362218.5504
362218.598
362218.6251
362218.6658
362218.7241
362218.7691
362218.8079
362218.8511
362218.8804
362218.918
362218.9985
362219.0308
362219.0763
362219.1232
362219.1579
362219.1904
362219.2161
362219.2578
362219.3003
362219.3332
362219.3619
362219.4067
362219.4495
362219.4827
362219.521
362219.5617
362219.607
362219.6363
362219.6751
362219.7158
362219.7443
362219.775
362219.8165
362219.8481
362219.8897
362219.9287
362219.9605
362219.9982
362220.0413
362220.0863
362220.1281
362220.1661
362220.1989
362220.2359
362220.2687
362220.3264
362220.3855
362220.4125
362220.4485
362220.4819
362220.524
362220.5673
362220.6036
362220.6322
362220.6753
362220.7072
362220.7533
362220.8029
362220.8384
362220.8832
362220.9244
362220.9581
362221.0022
362221.0348
362221.0582
362221.1083
362221.1524
362221.1866
362221.2208
362221.2691
362221.3093
362221.3479
362221.3796
362221.4257
362221.4693
362221.5069
362221.5364
362221.5733
362221.603
362221.6475
362221.7025
362221.7308
362221.7704
362221.8119
362221.8554
362221.8967
362221.9349
362221.9785
362222.0143
362222.0567
362222.0895
362222.1199
362222.1512
362222.2015
362222.2349
362222.2796
362222.3155
362222.3573
362222.395
362222.4362
362222.474
362222.5196
362222.5616
362222.5995
362222.6299
362222.6765
362222.7165
362222.758
362222.7893
362222.8266
362222.8667
362222.9172
362222.9455
362222.9723
362223.0201
362223.068
362223.1219
362223.1623
362223.1927
362223.2387
362223.2841
362223.3248
362223.3578
362223.3926
362223.4403
362223.4814
362223.5105
362223.553
362223.598
362223.6444
362223.6897
362223.7287
362223.7726
362223.8079
362223.8628
362223.9065
362223.9464
362223.9909
362224.0229
362224.064
362224.1205
362224.1581
362224.1922
362224.2329
362224.2692
362224.3251
362224.3657
362224.4028
362224.4417
362224.4761
362224.521
362224.5638
362224.6038
362224.6402
362224.6763
362224.7158
362224.7629
362224.8004
362224.8351
362224.8741
362224.9096
362224.9521
362224.9937
362225.0306
362225.075
362225.1223
362225.1496
362225.1892
362225.2218
362225.2708
362225.3037
362225.3436
362225.3905
362225.4213
362225.4562
362225.493
362225.5227
362225.5706
362225.613
362225.6496
362225.6901
362225.7315
362225.7676
362225.8085
362225.8421
362225.8769
362225.9163
362225.956
362225.9917
362226.0337
362226.0738
362226.1036
362226.1442
362226.1796
362226.2127
362226.2551
362226.2897
362226.3402
362226.371
362226.3952
362226.4383
362226.4627
362226.4993
362226.5403
362226.5806
362226.6153
362226.6541
362226.6924
362226.7257
362226.769
362226.8086
362226.8392
362226.8832
362226.9145
362226.9479
362226.9865
362227.0247
362227.0598
362227.0884
362227.1237
362227.1585
362227.1961
362227.2276
362227.2622
362227.2997
362227.3404
362227.3724
362227.3943
362227.4328
362227.4715
362227.5039
362227.5424
362227.5748
362227.6031
362227.6377
362227.6757
362227.7102
362227.7402
362227.7813
362227.8066
362227.8405
362227.8797
362227.9094
362227.9394
362227.9812
362228.0141
362228.0465
362228.0784
362228.1051
362228.1391
362228.1788
362228.2074
362228.2389
362228.277
362228.309
362228.3359
362228.3701
362228.3986
362228.4346
362228.4675
362228.5061
362228.5403
362228.5683
362228.6014
362228.6322
362228.6685
362228.7006
362228.7228
362228.7575
362228.7883
362228.8148
362228.8552
362228.882
362228.9183
362228.9572
362228.9819
362229.0068
362229.0404
362229.0785
362229.1099
362229.1461
362229.1722
362229.2016
362229.2357
362229.2644
362229.303
362229.3396
362229.3637
362229.3952
362229.4293
362229.4587
362229.4832
362229.5204
362229.5497
362229.5832
362229.6213
362229.6558
362229.6846
362229.7125
362229.7456
362229.776
362229.812
362229.8477
362229.876
362229.9084
362229.9488
362229.9718
362229.997
362230.0433
362230.0731
362230.1024
362230.1265
362230.1565
362230.1982
362230.2331
362230.2631
362230.2907
362230.3139
362230.3414
362230.3787
362230.4069
362230.4514
362230.4873
362230.5195
362230.5487
362230.5764
362230.5986
362230.6349
362230.664
362230.6984
362230.7403
362230.7536
362230.7764
362230.8071
362230.838
362230.8667
362230.8873
362230.9108
362230.9591
362230.994
362231.0182
362231.0526
362231.0898
362231.114
362231.1455
362231.1763
362231.1996
362231.2305
362231.2508
362231.2809
362231.3247
362231.3565
362231.3855
362231.419
362231.4407
362231.4712
362231.5108
362231.5328
362231.5603
362231.6047
362231.6286
362231.647
362231.6867
362231.7183
362231.7392
362231.7597
362231.7924
362231.8319
362231.8571
362231.882
362231.9031
362231.9342
362231.966
362231.993
362232.0248
362232.0552
362232.0743
362232.0952
362232.132
362232.1652
362232.2016
362232.2254
362232.2492
362232.2775
362232.2994
362232.3291
362232.366
362232.3883
362232.4207
362232.4565
362232.4744
362232.5016
362232.5329
362232.5537
362232.5825
362232.6116
362232.6453
362232.6759
362232.6946
362232.7179
362232.7566
362232.7801
362232.7965
362232.8278
362232.8617
362232.8931
362232.915
362232.9411
362232.9698
362232.9929
362233.0312
362233.0647
362233.0914
362233.1197
362233.1564
362233.1869
362233.2181
362233.2419
362233.2714
362233.2976
362233.318
362233.365
362233.3943
362233.4214
362233.4317
362233.4478
362233.4775
362233.498
362233.5102
362233.521
362233.5332
362233.547
362233.5621
362233.5762
362233.5879
362233.5931
362233.5978
362233.6011
362233.5983
362233.5985
362233.6124
362233.6154
362233.6171
362233.6237
362233.6363
362233.6495
362233.6557
362233.6562
362233.6549
362233.6618
362233.6753
362233.6757
362233.6646
362233.6559
362233.6561
362233.655
362233.6552
362233.6511
362233.6487
362233.6472
362233.6408
362233.6258
362233.6107
362233.6004
362233.6048
362233.607
362233.6006
362233.5941
362233.5894
362233.5863
362233.5731
362233.5611
362233.5496
362233.5394
362233.5352
362233.5277
362233.5222
362233.5146
362233.5074
362233.4991
362233.4832
362233.4692
362233.4614
362233.4573
362233.4473
362233.4353
362233.4235
362233.4053
362233.3926
362233.3811
362233.3776
362233.3664
362233.3446
362233.3235
362233.3057
362233.2902
362233.2756
362233.2601
362233.2408
362233.2221
362233.2069
362233.1929
362233.1774
362233.1647
362233.142
362233.1237
362233.1041
362233.0774
362233.0497
362233.0206
362232.9871
362232.962
362232.9379
362232.9081
362232.8727
362232.8414
362232.8196
362232.7947
362232.7677
362232.7322
362232.7033
362232.6757
362232.6416
362232.618
362232.5936
362232.5683
362232.5398
362232.5062
362232.4755
362232.4507
362232.4291
362232.409
362232.3844
362232.3489
362232.3195
362232.2883
362232.2641
362232.243
362232.2224
362232.1993
362232.1704
362232.1377
362232.1108
362232.0863
362232.0627
362232.0359
362232.0016
362231.9819
362231.9592
362231.9383
362231.8961
362231.8605
362231.8302
362231.804
362231.7851
362231.7602
362231.7215
362231.6848
362231.6623
362231.643
362231.6149
362231.5787
362231.5485
362231.5156
362231.4861
362231.4586
362231.4376
362231.408
362231.39
362231.3619
362231.3342
362231.302
362231.2668
362231.2374
362231.2147
362231.1832
362231.1523
362231.1348
362231.1142
362231.0857
362231.0421
362231.0085
362230.9798
362230.9484
362230.9187
362230.8852
362230.8477
362230.8137
362230.7772
362230.7396
362230.7107
362230.6838
362230.6453
362230.6038
362230.5584
362230.5286
362230.4991
362230.4671
362230.4251
362230.3824
362230.3376
362230.2987
362230.2569
362230.216
362230.1798
362230.1328
362230.0832
362230.0425
362229.9932
362229.9243
362229.8805
362229.8416
362229.7953
362229.7405
362229.6984
362229.6526
362229.5974
362229.5401
362229.4805
362229.4283
362229.3708
362229.3105
362229.2544
362229.1944
362229.1321
362229.0831
362229.0146
362228.9555
362228.893
362228.8371
362228.7862
362228.7289
362228.6649
362228.6213
362228.5622
362228.4909
362228.4496
362228.4072
362228.351
362228.312
362228.2738
362228.2219
362228.1718
362228.1264
362228.0643
362228.0104
362227.9582
362227.9055
362227.8605
362227.8056
362227.7307
362227.6569
362227.6048
362227.5342
362227.4818
362227.416
362227.3363
362227.2695
362227.1911
362227.1143
362227.0385
362226.9719
362226.896
362226.8241
362226.7458
362226.657
362226.5747
362226.5082
362226.4376
362226.3447
362226.2508
362226.1674
362226.1022
362226.0316
362225.9571
362225.8708
362225.7977
362225.7212
362225.6482
362225.5838
362225.486
362225.4122
362225.3229
362225.2377
362225.1669
362225.0809
362224.9859
362224.914
362224.8275
362224.7473
362224.6473
362224.5475
362224.4637
362224.3739
362224.3158
362224.2246
362224.1278
362224.0353
362223.945
362223.858
362223.7794
362223.7024
362223.6031
362223.5124
362223.4336
362223.3672
362223.2653
362223.1719
362223.0873
362223.0179
362222.9221
362222.8519
362222.748
362222.6767
362222.5868
362222.509
362222.4411
362222.3519
362222.2703
362222.1871
362222.1247
362222.049
362221.9695
362221.8896
362221.8041
362221.7478
362221.6704
362221.591
362221.521
362221.4519
362221.3961
362221.3054
362221.2416
362221.1839
362221.1227
362221.0531
362220.9779
362220.9293
362220.8842
362220.8299
362220.7595
362220.7004
362220.6556
362220.6007
362220.5385
362220.4741
362220.42
362220.3775
362220.3308
362220.2859
362220.243
362220.2089
362220.1509
362220.0941
362220.0577
362220.0124
362219.9588
362219.917
362219.8738
362219.8254
362219.7904
362219.7562
362219.7137
362219.6652
362219.6199
362219.5756
362219.5375
362219.4986
362219.4574
362219.4183
362219.3942
362219.3614
362219.32
362219.2785
362219.2443
362219.2123
362219.172
362219.1304
362219.0969
362219.0663
362219.0349
362218.9953
362218.967
362218.9324
362218.9013
362218.8637
362218.8356
362218.8052
362218.7805
362218.7463
362218.7108
362218.6808
362218.6563
362218.6279
362218.5936
362218.5688
362218.5433
362218.5244
362218.494
362218.4612
362218.4369
362218.4084
362218.38
362218.3534
362218.3288
362218.298
362218.2691
362218.244
362218.2173
362218.1792
362218.144
362218.1204
362218.086
362218.0543
362218.0267
362218.0004
362217.9742
362217.9462
362217.9196
362217.8959
362217.8678
362217.8406
362217.8169
362217.78
362217.742
362217.7154
362217.6918
362217.6573
362217.6245
362217.5936
362217.562
362217.5259
362217.5033
362217.4711
362217.4506
362217.414
362217.3796
362217.3555
362217.3326
362217.2984
362217.2728
362217.2487
362217.2121
362217.178
362217.147
362217.1241
362217.0915
362217.0523
362217.0181
362216.9997
362216.9643
362216.9229
362216.8965
362216.856
362216.8189
362216.7903
362216.759
362216.7162
362216.6751
362216.6317
362216.581
362216.5428
362216.5052
362216.4621
362216.4349
362216.4028
362216.3496
362216.3049
362216.2591
362216.2153
362216.1639
362216.116
362216.0672
362216.01
362215.9677
362215.926
362215.8799
362215.8341
362215.7633
362215.707
362215.6594
362215.604
362215.577
362215.5218
362215.4512
362215.3824
362215.3213
362215.2654
362215.213
362215.1536
362215.0948
362215.0229
362214.9692
362214.9015
362214.8398
362214.7738
362214.7043
362214.6419
362214.5756
362214.515
362214.4445
362214.3664
362214.3132
362214.267
362214.2178
362214.1545
362214.0824
362214.0222
362213.9727
362213.915
362213.8437
362213.7858
362213.732
362213.6904
362213.6273
362213.5769
362213.5103
362213.4442
362213.4105
362213.3658
362213.2992
362213.2392
362213.1766
362213.1314
362213.0875
362213.0381
362212.9854
362212.9324
362212.8855
362212.8378
362212.7984
362212.7435
362212.6854
362212.643
362212.6138
362212.5647
362212.5101
362212.4481
362212.408
362212.3709
362212.3277
362212.2824
362212.2378
362212.1941
362212.1695
362212.1311
362212.0817
362212.0379
362211.9939
362211.9582
362211.924
362211.8766
362211.823
362211.7964
362211.7658
362211.7296
362211.6912
362211.6442
362211.6076
362211.5731
362211.5437
362211.5132
362211.4713
362211.4291
362211.3883
362211.3502
362211.3195
362211.2858
362211.2492
362211.2169
362211.1859
362211.1515
362211.1181
362211.0853
362211.059
362211.0264
362211.0003
362210.962
362210.9248
362210.8965
362210.8708
362210.8401
362210.808
362210.7813
362210.7475
362210.7194
362210.6878
362210.6574
362210.6231
362210.5888
362210.5607
362210.5275
362210.4964
362210.4616
362210.426
362210.3952
362210.3725
362210.3409
362210.303
362210.2752
362210.2423
362210.2101
362210.1717
362210.1299
362210.1038
362210.0782
362210.0434
362210.0082
362209.9733
362209.9448
362209.9143
362209.8792
362209.8478
362209.8185
362209.7878
362209.7591
362209.7309
362209.6941
362209.6558
362209.6213
362209.5872
362209.5528
362209.5242
362209.4876
362209.4535
362209.4178
362209.3777
362209.3443
362209.308
362209.2793
362209.2537
362209.2098
362209.1605
362209.1161
362209.0788
362209.0425
362209.0083
362208.9656
362208.9266
362208.8885
362208.8457
362208.813
362208.7703
362208.721
362208.6902
362208.6514
362208.5941
362208.5543
362208.5117
362208.4751
362208.4287
362208.3712
362208.3221
362208.2823
362208.2338
362208.176
362208.1222
362208.0679
362208.0162
362207.9625
362207.9088
362207.8578
362207.8134
362207.7636
362207.7198
362207.6557
362207.5978
362207.5463
362207.4961
362207.4556
362207.4037
362207.3515
362207.2987
362207.2546
362207.2044
362207.1501
362207.0938
362207.0457
362207.0032
362206.9577
362206.9079
362206.8611
362206.8098
362206.768
362206.7213
362206.6746
362206.6154
362206.5627
362206.5188
362206.4785
362206.4295
362206.3841
362206.344
362206.3044
362206.2493
362206.1947
362206.1453
362206.1074
362206.0626
362206.0094
362205.9637
362205.9176
362205.8693
362205.8245
362205.7802
362205.7427
362205.6872
362205.6535
362205.6158
362205.563
362205.5114
362205.4773
362205.4423
362205.3999
362205.3486
362205.2977
362205.2599
362205.2219
362205.1768
362205.1378
362205.0807
362205.0343
362204.9931
362204.9616
362204.9132
362204.8735
362204.8215
362204.7507
362204.7116
362204.6754
362204.6331
362204.6003
362204.5544
362204.4934
362204.4529
362204.4242
362204.385
362204.3585
362204.3264
362204.2729
362204.2145
362204.1652
362204.1353
362204.1105
362204.0626
362204.0169
362203.9673
362203.9128
362203.8742
362203.8431
362203.8016
362203.7451
362203.7044
362203.6761
362203.6274
362203.5879
362203.5498
362203.4998
362203.4517
362203.4317
362203.3927
362203.3349
362203.2869
362203.2716
362203.2183
362203.1693
362203.12
362203.0779
362203.0558
362203.0351
362202.9801
362202.9284
362202.8876
362202.8477
362202.8142
362202.7721
362202.7295
362202.6901
362202.6538
362202.6127
362202.5201
362202.4715
362202.4302
362202.3938
362202.3298
362202.3107
362202.2864
362202.2545
362202.1774
362202.1256
362202.1303
362202.12
362202.1013
362202.0441
362202.0075
362201.9744
362201.942
362201.909
362201.872
362201.8388
362201.8079
362201.7831
362201.749
362201.7166
362201.6985
362201.6756
362201.6398
362201.606
362201.5733
362201.5551
362201.5377
362201.5112
362201.4812
362201.4548
362201.4053
362201.3626
362201.3524
362201.3268
362201.3074
362201.2821
362201.2517
362201.2224
362201.1952
362201.1674
362201.1395
362201.1022
362201.0698
362201.0473
362201.02
362200.9912
362200.9609
362200.9314
362200.9019
362200.8754
362200.8426
362200.8037
362200.7667
362200.7324
362200.7282
362200.7119
362200.6793
362200.6281
362200.5953
362200.5651
362200.5316
362200.4895
362200.4553
362200.4282
362200.4138
362200.3754
362200.3416
362200.3071
362200.2706
362200.2393
362200.2163
362200.1936
362200.1641
362200.131
362200.0971
362200.0676
362200.039
362200.0038
362199.9767
362199.9425
362199.9033
362199.8622
362199.8292
362199.7997
362199.7711
362199.7404
362199.7022
362199.6608
362199.6295
362199.5957
362199.5624
362199.5287
362199.4908
362199.4569
362199.4253
362199.3958
362199.3607
362199.3211
362199.288
362199.2701
362199.2248
362199.1964
362199.1614
362199.1275
362199.0907
362199.0496
362199.0091
362198.9783
362198.9415
362198.907
362198.8735
362198.8439
362198.812
362198.7794
362198.7308
362198.6934
362198.6582
362198.6229
362198.5811
362198.5477
362198.5172
362198.4859
362198.4514
362198.4144
362198.3757
362198.3375
362198.2967
362198.2673
362198.236
362198.2015
362198.1588
362198.1205
362198.0862
362198.0496
362198.012
362197.987
362197.9447
362197.8976
362197.8624
362197.828
362197.7959
362197.7588
362197.7221
362197.6843
362197.6457
362197.6087
362197.5731
362197.5419
362197.5061
362197.469
362197.4341
362197.3943
362197.3513
362197.3206
362197.2839
362197.2358
362197.1987
362197.1644
362197.124
362197.0927
362197.0576
362197.0216
362196.983
362196.9285
362196.8793
362196.8523
362196.8205
362196.7785
362196.7409
362196.6988
362196.6521
362196.6116
362196.5762
362196.542
362196.4987
362196.4598
362196.4299
362196.3903
362196.3456
362196.2983
362196.2587
362196.2228
362196.1888
362196.1535
362196.1141
362196.0737
362196.0349
362195.9962
362195.962
362195.9232
362195.8885
362195.8563
362195.8229
362195.7905
362195.7556
362195.715
362195.6678
362195.633
362195.605
362195.5646
362195.5237
362195.4892
362195.4514
362195.4197
362195.3778
362195.3389
362195.3099
362195.2725
362195.2384
362195.2045
362195.1652
362195.1266
362195.0975
362195.0697
362195.0404
362195.0058
362194.9736
362194.9411
362194.9022
362194.8644
362194.8341
362194.7993
362194.7663
362194.7258
362194.6851
362194.6419
362194.5964
362194.5508
362194.5062
362194.4801
362194.4541
362194.405
362194.3615
362194.3305
362194.2974
362194.2585
362194.2155
362194.1797
362194.1468
362194.1098
362194.0685
362194.0302
362193.9987
362193.9656
362193.9232
362193.8801
362193.8353
362193.7929
362193.7524
362193.7211
362193.684
362193.6506
362193.621
362193.5894
362193.5168
362193.5036
362193.4332
362193.3976
362193.3658
362193.3286
362193.2823
362193.2424
362193.2018
362193.1408
362193.0847
362193.038
362192.9883
362192.9526
362192.9034
362192.8642
362192.8318
362192.7979
362192.7521
362192.6553
362192.6127
362192.5611
362192.5125
362192.4469
362192.3965
362192.3609
362192.3045
362192.2596
362192.2101
362192.1439
362192.0743
362192.0081
362191.9564
362191.908
362191.8626
362191.826
362191.7758
362191.7
362191.6102
362191.5441
362191.4893
362191.4394
362191.3849
362191.3166
362191.2315
362191.1832
362191.132
362191.0628
362191.0092
362190.937
362190.8718
362190.8266
362190.76
362190.6784
362190.6184
362190.5655
362190.5015
362190.4279
362190.3789
362190.3109
362190.2457
362190.1841
362190.1219
362190.0692
362190.0115
362189.9445
362189.8937
362189.8437
362189.7928
362189.7315
362189.6681
362189.6175
362189.5744
362189.5316
362189.4812
362189.4384
362189.3867
362189.337
362189.2944
362189.2585
362189.2106
362189.1576
362189.1301
362189.0824
362189.0472
362189.0075
362188.9624
362188.9348
362188.9079
362188.8828
362188.8408
362188.8125
362188.8001
362188.7721
362188.7443
362188.7278
362188.704
362188.6764
362188.6613
362188.6464
362188.6295
362188.6136
362188.5938
362188.5764
362188.5617
362188.5482
362188.5408
362188.5281
362188.505
362188.4825
362188.4751
362188.4769
362188.4747
362188.455
362188.4319
362188.4177
362188.4104
362188.4034
362188.3937
362188.3859
362188.3743
362188.3595
362188.3441
362188.3375
362188.3296
362188.3215
362188.3144
362188.3022
362188.2908
362188.2752
362188.2698
362188.2699
362188.2601
362188.248
362188.2406
362188.2332
362188.226
362188.2101
362188.1976
362188.1891
362188.1784
362188.1623
362188.1367
362188.1272
362188.1123
362188.0939
362188.0843
362188.0722
362188.0504
362188.0369
362188.0278
362188.0052
362187.99
362187.9775
362187.9606
362187.9395
362187.9246
362187.9147
362187.9051
362187.8829
362187.8673
362187.8635
362187.853
362187.8297
362187.8097
362187.7927
362187.781
362187.7696
362187.7537
362187.7397
362187.7287
362187.7113
362187.6949
362187.6812
362187.6692
362187.6515
362187.6292
362187.6132
362187.5985
362187.5826
362187.5747
362187.5619
362187.5373
362187.5207
362187.5122
362187.4892
362187.4706
362187.4616
362187.4466
362187.4361
362187.419
362187.3921
362187.3761
362187.3647
362187.3452
362187.3235
362187.3098
362187.2988
362187.2798
362187.2604
362187.2463
362187.235
362187.219
362187.2049
362187.184
362187.1629
362187.1495
362187.136
362187.1198
362187.1048
362187.0843
362187.0665
362187.049
362187.0286
362187.0191
362187.0076
362186.986
362186.9697
362186.9549
362186.932
362186.9154
362186.8882
362186.8718
362186.8559
362186.8286
362186.815
362186.7952
362186.7734
362186.7585
362186.732
362186.7109
362186.694
362186.6737
362186.6548
362186.6326
362186.609
362186.5929
362186.5667
362186.5397
362186.523
362186.4995
362186.4786
362186.4545
362186.4327
362186.4103
362186.3878
362186.3704
362186.3442
362186.3132
362186.2938
362186.2749
362186.2565
362186.2357
362186.2099
362186.1943
362186.1666
362186.1387
362186.1144
362186.0928
362186.0705
362186.0482
362186.0255
362185.9922
362185.9727
362185.952
362185.9238
362185.8942
362185.8676
362185.8361
362185.8091
362185.7869
362185.7643
362185.7393
362185.7121
362185.6825
362185.6541
362185.6287
362185.6027
362185.5717
362185.5369
362185.5147
362185.4857
362185.4532
362185.4196
362185.388
362185.36
362185.3299
362185.2999
362185.2732
362185.2387
362185.2076
362185.1783
362185.1472
362185.112
362185.0776
362185.0555
362185.0248
362184.9835
362184.9471
362184.9174
362184.8801
362184.843
362184.8041
362184.7661
362184.7325
362184.6926
362184.6494
362184.6024
362184.5631
362184.5216
362184.4807
362184.4334
362184.3871
362184.3522
362184.3
362184.2545
362184.2094
362184.1607
362184.1102
362184.0545
362184.0025
362183.9501
362183.8943
362183.8283
362183.7726
362183.7152
362183.6548
362183.6006
362183.5528
362183.4979
362183.448
362183.3997
362183.3426
362183.292
362183.2456
362183.2066
362183.1696
362183.1348
362183.0945
362183.0495
362183.0064
362182.9621
362182.9102
362182.8662
362182.8247
362182.7846
362182.7428
362182.6978
362182.6594
362182.618
362182.5737
362182.536
362182.4998
362182.4607
362182.4254
362182.384
362182.3511
362182.3149
362182.2835
362182.2573
362182.2237
362182.1859
362182.1591
362182.1415
362182.1282
362182.1099
362182.1012
362182.0983
362182.0944
362182.0993
362182.1067
362182.1099
362182.1119
362182.1083
362182.1071
362182.113
362182.117
362182.118
362182.1207
362182.1222
362182.1249
362182.1265
362182.1279
362182.1285
362182.1301
362182.1343
362182.1367
362182.1375
362182.1393
362182.1385
